492

1881111838881118181818818188181188 8181 (1181181. . . 111113 und
an dem 811811, 88111 1181 1818181183113181381811111181-
sammenpringen 1183, 811 8111118181 11811 111 18111811881 (188
381881181 811811 quartale 8118 81181 88 8811 1181 3111811831
111 11811113 gemacht 181181.

Was 8181 118 818)1 1181388181 818 188 11111 111 vien
8181181 18111811, 118181 1881 81811113 11181381188, 118818181
18181381 8811181 111 1811181 zusammenzupringen 8811 1811811,
18181 Ε. F. D‘ gn. zu erachten‚ dass wir bey 118811 8118881-
11381 wesen, 111 bey 181 1131181 81181181181 3188881 beL
881111118881 811 118 1811183888111118181 8181 3818811 8811
1118881 11111111 88 vil mehr, da sich E. F. D‘ mit denen von
Steier 111 811818 811 111111 18118831813118181, 1888 818 88181
818 1188 18111 11 1811111311311181, 8811811 18818 1111881181
118 Windisohe 318118 1881 181181 Ε. F. Dt resignation und 1181
11181381 18381 in 38181 3888181111181, 111 111113 811188 ort
811 1188 181 88181 11118881, 18 11881118111118 38181 am 183-
8181 811881881 181118. 1111 1811 111 eben 1181183113
188881 81188 8118188 11 811811 88118118181 8811181181 11818111
18181181181 11818181...181118181 111 111181, 1888 818 (11818118
8181 1188118118 8111111111 811 183 3818811 8811 181181, 881 gleich-
1811 mit der bewilligung 81 118181, deme 818 1811 883881811811
111 8111181 8811 181181, 8818188 8181 111181811811818811
111 8118181 11888181 111181 11111811 je 818118111183118181 11811
1888181181 kann, als dass E. F. Dt (118 . . . 3818181181881111113
...18111111381.,.118 1811 18111181 381 kain 8811 81 181·-
numen ist, also 1118111111)ι 111 1881111818 . . ., sy wollen
81811181181181 1188811 38811811 18118181 1811111811 und 81·
181181 8811811. . ,11 188 181111 1111381 . . ., 1811111181 8118
mals 1118111181 38381111131118111118111. 11111118181188-
181181 11881 18118 38118181 18111181118111118181813181811
318181811 181818111381818181, 118 1811 18111 81 18383181 111
118 3118111881 188118111818181181181 881, 81118113, 1181181813
mit 3818811811 1811 111 1181 81881181881881 811 88 1111111381
1811111381 alles 18118188 181111888118188 disputat, vil 18138118
1111118 111 811811 8188188ἰά81 1111118. 118181 umb 88 vil mehr
1188811 181, 111 8811 8111, 181188 818 188188118181111 181381881
181111111811111811 8181 8181 im reich 88 1111811181 81881, 1888
man sich 18111111 181 811818 81181 1111881111811381811 181-
88181 111 81181 181881181 81181 81 118811 8188181811181181

 

