LXXX

85115

330. Β555115516551111551 655 1155615555 vom 311115 1583 ...... 454
330. 111515151655155 von Krain 55 1115 von Steiermark: Mittheilungen

aus 11115155 {lber 615 Reichslegatiou 515. 5515555, 1583

1111153 ......................... 455
331. Replik 651 F. D‘ auf Nr. 339. (115515831111153 ....... 456
333. 555 655 Landtagsprotokollen von 1583 ............ 461
333. 55155116518111565 1551115331. 1683115156 ..... ,. . . . 461
334. Α515511651Ρ.Β1551Ν1.333. 1583 1111157 ......... 465
336. 5515511 651 6111565 551 111. 334. 1583 1111159 ......... 466
336. 5551555555 655 ’6155515555 551 111. 335. 1583 16115 11 ..... 466
337. 1115 5151115555515151655155 an 615 von Κ115155 5561115151 8551155

615 aus (15131515 ι5555555555517511165155555 und 655 55555516

15 551181555555555, (1155, 1583111215 10 .......... 467
338. 5515511 651 5556555511 5511153116, 1583 11615 14 ...... 468
330. 6551155511155,1151565111ι 6551555515535 551 111. 338. 1583111115 13 468
340. 5515511 651 5155155555 1556555511 551 111. 339. (1155, 1581111115 13 468
341. 31115 65111151 Laude 515 51555 (15551511556155. (115511155551511

556 11515555, 1583 11515 30 ................ 469
343. 1151 111118551555 551 111. 340. (1155, 1583 111115 31 ...... 470
343. 14515511 651 611565 651551. 1583111115 33 .......... 470
344. 5515511 655 1555515555 551 111. 343. (1155, 1583 11115 33 . . . 471
346. 1115 Η51155 556 1155615515 55 655 3155515551 1115 15515155 5556-

1515511511565155155 55555 15115151. 1115 Zuriiekgebliebenen 6111155

aus (1515 Β55551555 11. Ε. L. 51551555151155. (1155, 1583 111115 35 471
34611511115551551 55 615 5556555551 Er 1511555 55151 diesen Um-

5115655 615 Α61515151151155 651 5156155555 (115555 55115555.

(1155, 1583 11115 26 ................... 473
347. 1111155ίί553 an 655 6155515551 1115 handugsmitglieder 55155 55

15115 15115151. 1583111115 37 ............... 473
348. 1115 5151555555 15151655155 55 615 von 11115155 556 1115151 ’1551155

1515 85555551655 mit. 111555551155155 351551515551111551155.

(1155, 1583 111115 37 ................... 473
340. 1115551555 Κ511 55 615 vom Horren· 556 3155151556 15 55151551

3555151155 tiber 615 1551555555355115(1555151155551511555.

(1155, 1583 111115 31 ................... 475

IX. 1115 1511515555 651 5151551551155555361551555511151
1115151683. 1115 5555511553 1155115. 0515515565511511 411

350. 161555155511511 55 615 3111551555ιὴ von Leobon: 1151551, ,5555
51555515 5555555155* 556 6511 615 Sacramenta ,55 nahmen.
Graz, 1583 111115 33 ................... 477

361. L. 1. 1151551 55 36135151515151, Richter und 11515 651 stadt Graz:
Die F. D2 5555115 551 15151 3555151155. 1115 Bilrgor haben 55
551155155, wer 551555 Β5511515155515, 55 555 556 55 walchem
Praise. (1155, 1583 April 13 ............... 478

353. 1115 5151115555515151655155 55 655 Burgermeistor von (11551 ,115551
655111555515115511551651115115555150155.ί 1683 April 16 . 478

 

