443

661166116366 1163666666,66111166 66616 111116. 66666166166
relation 6661 16636 66361161 661 6661661666, 166161 6161666,
611611616 6116 661 jede 61166 junget verflossnen 1661163616636·
161166 1661166366 661 merkliehe 366666 6663661661666 16661611·
6663 mit 66611666 661 6616666666 66361161, eundern 6661 der·
66166 616 661616 66661116 166661616616111166366666 611366661666
6116666 6636666161611161 66636661666, 1666 616 16661 616 661·
661666 361611, welches 61166 161666 11661 diessen, 1666 166
vertige 166116366611666 1611116661661666 6661161661666161661
116 1611 16 661131666666166 6661166 (166 6661366 6636663166 1661·
166366 661 16661661666 6661166116616116616661616161616636-
numen, die bewilligungen 16113616161611166166 werden.

Α16 6166 wider unser und 66661316166661611666666-
666661666 661616 6666111116 66666663 661 3666 1666166611616
6666666166 61166 666666 6611311166 661 31661666366666616, (116
66166 166366661611 611616 1663666666 worden, darauf 661166
mennigliehen gleichsamb 1661 66111666161166 66111616611·
113166 anlagen grosse sperr und hinderungen 36666666, 16616661
1111. 16661661166166 116 661166611366 geminen 66636166 6616
16163661666 und anderes 611 66661611661166166, 616 (1666 166
16163666666 161 (116666 landes 3611611666 36616 61166 6666616161
166 111616166 6616661166 66661661. ,

Wenn 1666 die verordenten 6616166 6116616 66166116613-
kair engebraeht und gehorsemist 1616636161166, haben Ε. F. 1)*
66 3666 66666116616 66166116 decret 1666 6661166666 lernen, 166-

* 16666 663666366, 111111* 1616 166 1661163 36661166666 661

166 1661661611 16611113663 pure uneondieionirt engenumen: und
(16 sy auf 116616 16666666, 166 161, bey (16666 166366661166
66611116666 1166166666 666166, 66 6111166 Ε. F. 1)* 166661166
6616166 61166 6616116661116116111666 166 66666166166, ihren
sehrifftmeehern, 1666 163611661661661366, die ihnen 66161666
6616661166, 66 1166116 1611, 616 und 3661 66661666 661 (1666611666
6616166 1611 66161616 66661 666 116666 661 16616666161616-
1616366, 16661 sy E. F. 1)* 66166611661666366166116663663
1666 1666 6166116613 spuern 661166, 1666 6661 Ε. F. 1)* von
denen von 611111 661 61116111 666166663 611 66 6616166 36166166,
1661611 166 1661 1663611666111611661616111616661166661616
666166166 36661166 66116.

1)666616661 16661 (166661166 6631661163 61116 16 6166666
Ε. F. 1)* 616116 66166166666 666166, 6166 1611 363616 1666611666

 

