489, 493-496, 609, 616, 686, 608,
1⁹ δ’ 640, 644, 646, 666, 717.
1666111611 496, 663, Julianus, (1111111661, 146.
16661166 XVI, XXVI, XXXIII,
111116 xm, 11, 16, 66, 661 K.
61, 72, 73, 162, 196, 260-262, Κ6111611611, 6661111 1161 961611161161-
906, 624, 626, 687, 994, 697, 400, 116111616611161, 660, 681, 684, 666.
439, 462, 648, 660, 684, 686, 668, 116611611161661617.
689, 628, 670, 714, 727. 1166166116 363.
1111, Ρ46116, 680-682. Kar} V. 64, 118, 119, 146, 266, 246,
1611166 607. 261, 663.
1666111611 (des Eisonerz‘) 623. - II., Enherzog, lX-XV, XVII-
1666161161161611111,Χ1-11111,11111, XX, XXXI, XXXII, XXXIV,
XXv—XXVII, XXIX, XXXIII, XXXVI, XXXVII, XXXIX, XL.
XLII, LVI, LVII, LIX, 4, 66, 246 XLI—XLIV, XLVII, XLVIII, LI,
-269, 696, 697. , LII, LV, LVII-LIX, 1-64, 66
16666166111111, XVI, LVIII, 1, 26, -288, 606, 907-609, 612-317,
28, 60, 222, 292, 264, 699, 700, 619-386, 987, 390, 691, 993, 696,
718. 696, 399, 400, 401, 404, 406416,
1611111611 wolfgang, 1611611- 1 111-161,666-116,116-111,631
procurator, 481, 610, 622, 626. -661, 663-668, 670, 671, 673-
1611661116),66616161666616- 682, 684-696, 696-608, 610-
burg, XVI, LVIII, 4, 16, 26, 28, 628, 636-638, 640-660, 662-
63, 96, 96, 89, 84, 104, 198169, ι 666, 668-667, 669-683, 686-
164, 166, 164,176,177,178-182, 687, 693-718, 720-792.
189, 190, 192, 199-196, 199, 201, 1161161661 713.
206, 206, 214, 216, 222, 264, 924, 11111661 Alexander, 8161111661 von
926, 692, 698-701. Radkorsburg, 669.
- (16616, 61161162 von Bumborg, 402. 11616166 (0611611116, 1111161661,66611
- 2161661166866111161161, 61161161 166 111166661166111111,111111.
Laibaeh, 676, 666, 676, 687, 689 XLVII, LI, LII, LIV, LVI, LIX,
-694, LX, 6, 6, 11, 18, 19, 36, 47, 49,
- von 066461161611249. 69, 61, 69, 66, 66, 114, 120,140,
- Psalzgrnf, 664, 384, 991. 166,171,176,177-179,196-198,
- 06616111 364, 384, 391, 694-697, 200, 204, 206, 260, 246, 266, 262,
621. 274, 280, 321, 322, 624, 666, 337
Iohannes 8616, Iacuit, 727. -944, 646-648, 366, 367, 960-
16661, Vieekanzler, 39. 366, 968-671, 682, 984-988, 999,
16611, 616116 166, 666, 667, 696, 698, 696, 396, 697, 400, 402, 406, 406,
602-604, 649. 409, 416, 420, 422, 498, 441, 448,
Italion xl, 5, 11, 166, 166, 166, 166, 466,161-116,116-116,161
268, 709. -486, 489-496, 498, 607, 617,
J 61166 646, 687. 618, 624, 626, 642, 646, 647, 667
1116661616661111661616111(ν61- -669, 660, 663, 668-670, 679,
tel 6611816111) 11, XIV, XXI, XXXV, 686, 692, 696, 608, 671, 679, 686.
XL, 1111111112, 3, 7, 14, 16, 20, 11611666661 130.
21, 37, 50, 67, 166, 274, 349, 667, 1111616661, Faunine. xxxvl.
679, 676, 682, 989, 484, 486, 488, - H. von, 638.

 

