LXXXIX

80110

495. Wolfgang 6111055011 11 615 51011150550 101016001501 81115 um 111151-
0515100,1111151511 610 811515 100 200 Τ551010 0505355550 1101110,
615 51 6051101511 115150 10110, 11011 55115 1115186505 1005 610
8615505015555005011. 1587101118 ............ 622
1506115511 11111 111 Adam 8051111 10 Kindberg: 1101510151 1511
511501515οε 615 Erriehtung 51155 6011555011οι5 5510011 01001 115-
55115. mnenon, 1587 August 28 .............. 682
437. Hans Friedrich Hoffmann’s 651 65115100 11011051 1111 6151151016-
10150, ,1115 05 11115110 11111105505511111 551151 1111110110 510151,
11155111 016 1100ρο05015 geschaffen‘. 81150510, 1587 August 29 623
468. 1101501115 51 6155515011 8051111511 die Lago 651116. 10 0501515101,
610555105150651105111151 1106 511151 150, 1051150115051 501001
5561101100151511111111115 610 Ρ150611111 0101011101100. 81150550,
1581 1103115118 ..................... 628
11111. 1115 (1011511600 1115100, 1155511111 und Noppenberg 50 Hoffmann:
115501 615 1518511511 gagen 1110111006 51611001, die 11505 6151
011111 sind. 111110, 501651550650551165510 10 11111100, dass 515
5011515161505011 gelmon 11016511. 1587 August 31 . . , , 631
5611.Ι1101151550 11 610 5101115055 5516505111. 1111555150. 0515 Datum . 681
5111. ,16111111ιο551 an (1011 511655151151101 11 Krain: Nachriohten 11501
615 10115550 1151 5111051150500 1111155. 1151605, 1587 September 8 631
5118. 115111116551011111101 11 600 510605550011115ιιιιε 1115 5111101150501
118155 1155505105 1511551151, man 110165 615 wieder einge-
5511100 611011511511 1101115150. 11115505158785015015514. . 638
563111510151600101 von Krain 50 6101008101511 1101105100 11551 610
1105115151 8511ῤο15511651 111 111110. 1111151105, 15878011151115013 633
501. 6011105150 6015515011505011 115ςί015015111155 auf 655 8051515511 601
5011011505οο 0011115515 016 jones 1106015105. 1587 8011-
10105015 ....................... 637
565. 601505150 651501500 11551 1115 1015065161111155101 von 6151 651
11ος1551115110 1151011 1011551105150 805551516511. 1587 October 22 638
5116. L. 1. 11010111 11 610 10101600101 100 810151015111, don Judenburger
Ρ1161011101 615 111510111οω boi 651 6111301010 1015101011. (6151),
158615105116 . .’ ................... 6411
501. 8551101550505501600 6015101115055011516505511501 805111511116-
1131588. 4151110111 ................... 611
50861111011655 6115511031. 61511588605105115 ,,,,,,,, 646
569. 51111511 1011115Ρ1550511100. 851111005505051151651. 1588805105115 616
510. 16115511ος 11511 10 615 100 Marburg: Bofehl, 5105 6011011651511-

sehon Ρ111610111511 55515 016 561110151111100 601 81015111οη15
10 511511101, 61511588155105124 ........... 647

511. 551111011110111150115111111 und 601011 150 115610155013. 1588
Februa 511 1011 ,,,,,,,,,,,,,,,,,,,,, 618
511. 1115Η51101 006110615015 im 111101516 10 6151010161510111 1111100
010 0110 115500ος 1111 15150 Ρ1861010100. 1588 ....... 6411
513. Ει155115ς Kal 111 610 von Mnrburg: 1115551115, 1110 8156151101
11118115511550 10 1151011011, 51111011 010563506111. Κο1151110651

 

