491

611611 616 61116161 1611311166611111, 6666 616 16111161 1111 611
161116 111 111631111111 1166611113 616611 6611161161 16 specie
zuekommen 166661, 16111166 61 1611111361 1611163 116611 prin·
cipalen furgepracht‚ 1666611 11 111611161131161166161166111 1161
6161 61161 116 361111 61 1161 111 1166161 16611 16161361. 611-
61161113113 1616611 111 1113611161 werden 111136.

weil 66 1611 mit 11661 11661111161 611611311361 611
6111616 3661611 161 111 1111131. 1666161, 6666 161 16111361
1661113113 1111 1111111161 11 geminem 1611163 613616131
worden, nemblich 16 816161 11101611 616 116 6111611 6111
166 11136 11161 111 in 161161 in 3611611 16116116161 111611
6611 161111611361166161 6136161161 161131116- und politisehen
16611611116661 6611111111 6136111161 6611161, 1666 6161611 6161
61111616 1611113113 11 6611111113 61161361 soll, 1111666611111)ι
in 1611611163661166111113611116361. 36161161, auf 6111111116
mitl 31. 1616111 61 6611 111 hernach darauf auch eben (1661
666361 116 361616166161111113 16116116 61 661316111113161-
661161 111 161611611163113 6116161 316111611166611131161161
1116111. 163611, 6161116161 11111111111111 11161161161 werden
mugen. So 16161 Ε. F. D‘ 31. 6161611161, wie 116 616 36-
16116116116616116116611166, 1616)1 66 1166116116 6161111161, 61
66116116136111661611661111161 161, 66166611 116 6111 16111161
366111111, 1666 wir 611 161 611 661161 116 je 1113616161 611-
616136116 161116611161116661 111 Ε. L. 111111111116 16661111-
3113, 611 161 andern aber die 3161116111111 661161161 111
16161 16161 16161661361161 1611 1111166111361 ain so 3116666
1166116161ι 161 11661111 66161 11116661, 611611 6111 116 611
8166616161 166 83 161 1111 116161 kain 16611113113361161, 116
1111111661 31611661 111111. F. D⁸ resignation und 61161 11 311661
36161 161, 611 161161 116611 161111616161616111161111616-
61661 111611, 61166 161111111116111613611611163616661111311361
61661161, 161611 116 111 16161 66111161161 61666116661 116
116161 16111161 6113111113 3666661111 1111 661111 6611611611
6111113 61 36161 36111161.

1161 wie dem allen, 11613666161 1166161161116161 ur·
666161, 611 1666 Ε. F. D* 161 3116661 3611166161 61161111
1161 1161111161 6111161 111 6661161161, wie 16316113 1113616131
wir sein, 6116166116 dem 66116116111 166 166161161161 1111111
161 that 61 61661661 111 weil 66 611116166111111161661·
6161161 016161166161 316111661 61 11666113 61661, 61116 16161611

 

