LXXI

55115
154. 5155111551 11511 5115111 515 115151555155 1111· 515 5115 15155 1511155511
515555555555 55511555 15155155111155. (1155, 1582 April 23 . 299
155. 55111511 55195151555155 551555 1155151 vom 27. April. (1155, 1582
April 28 ........................ 300
156. 5115555155515551351, 5013515511151, 5151551511151551, 5155555151,
555 5151115 Ρ5111155551, 51551555151551, 55 515 5. 0. Regiorung:
widermfen ihre mago, 5155 551 5515111555 55 5515111155.
(11115, 1582 51515 .................... 300
157. Α5515511151551551 55 515 (11555150115155511, 515 5515111555 55
551555. (11115158211517 .............. . 302
158. 1115115ςί5558 511 555 5015555515, 11155151 555 5555551555
55111551 Aufforderung, 15155 (1515511155 vom 5. 5111 555555·
11555155. (1155, 1582 51517 ............... 302
159. 5515515515151, 11155151 555 5155555151551 an 515 5. 11. 5511515551
515 555555 5155 15155 5151515555 515515535555. 15 2511115555
1151155 51551155 55155155 5555555555. (11551582 51519. . 303
160.1>iessegierung 55 5155515551 1111551 55 551 15151 5551555511 151-
5151555. (1155, 1552 Mai 10 ............... 504
161111555115155155515551555. 5555155555. 1582 Mai 10 . . . . 304
162. 5555513515 11515511 551 515 Frage 555 5515551155 51555 wagan.
1532 Mai 10 ....................... 305
163, 515 115ςί511155 an 555 50115155151511 011111 155, 1155 Rath, Richter
und 51551555151551. 1582 Mai 21 ............. 308
164. 1151551 aller 55555555555115 551 5115151. (1155, 1582 51111 21. . 308
165. 5515515515151, 11155151 55511515 von (111151 5111511 55251551555155
55111551551155 5115115115. (1155, 1582115123 ........ 309
1311. 555-5155113 515551 51115. (1155, 1552 Mai 23 .......... 309
167. 551151555151, Richter und 5515 von (11115 an 51515151555155 555
515 15 (1155 1555555555 Η51155 5551555155151 511155 55
9515555553, 555111 515 5551551155 5115511115 515 5555 5551555.
0555115155 ...................... 310
158. (1515551515 15 515 11511555 151515551551 5155 1155511 5511151-
solgung 551 5013555555 551511 11555 (11115 55 15115555. (1155,
1582511125 ...................... 310
159. 515 1155151555 55 515 5155551155 551551, 511 1111515 pomonal
1151115155 5155551555. (11115, 1582 Mai 25 ......... 910
170. 5515555153 5515555551155 ................. 311
171. 11551551- 555 5555151151555515 55 515 5511515511 0555 50555
wider (1511 11555155 515 555 551551 111551 55155 15151551 11115·
digen 15155 11151151 1155 511155 55 gn. Abfertignng. 1582 Mai 25 312
172. Die 11555151- 555 555551151111155155 55 55555511 511155 551 15155
1515555553. (11551582115126 ............. 313

173. 1115551551 111111 55 555 555555151551151, 5555511515 555 5151151·
51555155 155515151551111 551551, 515 55355551 555 Ρ151151
155 5115555553 5515551151 5555515555. 51055555, 1582 511128 314
174. Dio in 11155 1555555555 1151155 555 1155515515 115 555 511-
5515551 5555555155 5155 0551 515 551 5511555555 15 (1155

 

