1166166611, 1661111. von, 160, 437,
493-496, 669.

1166166611 6. 1116166611.

1166166631161, G. von, XVII, 132,

111, 111, 116-161, 116-166, 616, I

314, 346.

1111611166 661 11616611 660, 661.

Κ6666 6611, Ρ111616661, LIII, 18.

1116661 Η6116 166 1161166616116 313,
314, 317, 360.

- (1166131611, 366.

Xindborg 6616661166 1116611 6. d.
1161 XL, 664, 609, 022, 623.

θ 111166616161,116161161661616111, 616.

Κί1611661116ς61 390.

6111661611 X, XIV, XVIII, XXI,
XXXIX, XLIII, XLVII, LX, 2, 3,
6,13-16,37, 160, 166, 178, 179,
321, 322, 339, 341, 342313, 346,
346, 349, 366, 367, 373, 376, 382,
363, 466, 469, 470, 479, 460, 490,
493.

1116161116161, 3611611611 0161, 649.

111616616661328,

1116161111 341, 344.
111611(1111611),1111661111111111- ἶ

6166116, 614, 619, 631, 637, 636. ·

11611611 6611111616 46.

Κ11111611616 6616666111611 (11611111, 1

LIII, 496, 496.

11666611 (1111666611), Hans 1611,
116161661611616661, XVII, XXII,
XXVI, XXVII, LII, 44, 126, 130
-133, 141, 178-181, lea-189,
210-212, 313, 314, 316, 317-
320, 332-336, 346, 348, 366, 384,
412, 499, 662, 699, 729.

113111 393, 394, 396, 606.

1116111 IX, X, XIX, XXVIII, XXXIII,
XLVII, LI, LII, LIV, LVI, LVII,
LIX, 6, 19, 36, 42, 46-49, 66,
69, 61, 63-66, 114, 120,140,
171, 177, 178, 200, 216, 221 ,229,
260, 246, 262, 280, 321, 322, 324,
326, 336, 337-340, 312-344, 346
-346, 366, 363, 367, 369-361,
363-366, 366-371, 362, 384-
386, 393, 396-397, 400, 402, 403,

739

406, 409, 420, 422-424, 438, 441,
448, 466, 466, 467, 469, 470, 472
-476, 491, 498, 607, 617, 616,
624, 626, 642, 643, 647, 667·-
660, 663, 666-670, 679, 692, 696,
606-606, 621, 622, 632, 633, 636
-637, 671, 666.

Krainburgin 1111111142, 46, 48, 64,
344, 406, 442, 606.

1116111611 6116111161 666,

11161161066661, 21361611116611666661
1661111, XXXIII, LIII, LV, 60-63,

, 1611, 1611161111.

14166166661 Cornelius, 6661666161-
661166 3661666611, 662.
1116611 606.

Kronion (1166116666 (116616) 96, ,

262, 362, 491, 710.
1111616611619166661,3136161161,612.
1166166131 Peter 634.
3616166666 6. 66611666.

L.
Lack in 111116 622, 634.

1 1111161611 X, XIV, XV, XVIII, XXI,

XXXIX, XLIII, XLIV, XLVII, 2,
3, 7, 14, 16, 37, 47, 46, 64, 161,
162, 166, 216, 222, 230, 243, 266,
321, 322, 326, 336-343, 346-
347, 349, 360, 363, 367, 363-366,
367, 371, 373, 376, 362, 633, 466,
466, 469, 470, 667, 676, 663, 634,
637, 663, 667, 710.

- (haybach), Η61 661 6116666111,
66.

6616616661, 81, 6066611166 Μ11116,
326, 362, 602.

- 1461166, 602.

Landsborgor Bund 36.

1166661161 16 3616111 693.

Lang Franz, Burger von Marburg,
664.

1111616611, 66611111611611611.

1166611111, Ρ166166111, LIII.

Lauing 661 6616661666 69, 609,
610, 613, 623, 624, 631.

66161666 Friedrich, PrIIdioant, LIII,
606, 616, 666, 667, 663, 664.

47*

 

