744

6661666163· 66611166 616666 XL,
606, 612, 616.

666166166 126.

666116666 8611616666, 6116366 von
(1666, 660, 640, 648, 640, 666, 666.

66616666611666 666.

6666616 6. 6161166666-66666111.

6666616116 66666 672.

Schmidt Η666, 66666666666, 610.

66666666166 2616666166 660.

66661166666666, (1666611166, 474.

6666666 01666663, 1)6.,01666666166,
XL XII, XXVI, XXVII, XLIII, 6,
26-26, 48, 66,114,164, 160,102,
202, 210, 217, 276, 266, 626, 640,
670, 671, 600, 400, 406-406, 408
-416, 426-420, 461-466, 461,
476, 478, 466, 671-674, 600, 606,
612, 617, 646, 666, 676, 662, 667,
606-608, 700-721,727-760, 762.

6666611 Hans ,411666 600, 622, 626.

6666661666 1116166, 61630666ηοί66,
610.

666666666661166661116616616611616.
666666 16 066661616666666 XLIV,
LII, 67, 686, 666, 604, 662.

- 66 66166116 664.
- 6. (16666, 6166661 666,

- 66166116 6666666,

8666166 66661 610.

666666661661166666 621,

eald, nr, 666, 666.

666666, Dr, 68.

sichem 676.

6166666661 Η666 Angustia 660.

81111666 61611666 46.

811616, Dr, 644.

616166 0., Papst, XXXII, 664, 687
-600,

661666666611166 6616666666, Η666-
666611, 610, 611, 616.

6616616666 Andreas LIV, LV, 217,
218.

-· 616166 LIV.

6666166 260.

666666666666 XLIX.

66666, 6666166666 666616166666166,
606.

666161616166, 1666661116, XXXVIII,
XLV, XLVI, 464, 466, 610, 604,
646, 666, 660.

661666166666ὢ166161661666666666,
687-603.

- 6616666666666666 Gru, 643.

Sperando 260.

66666166 0766661, 6666661166, 606.

stadius Georg, 61616166666 666666-
66616666611666, 606.

81611166 christoph 140, 461.

- Η666 140, 461.

6161666, von, 676.

61616666 6. 61616666.

616166, 6666666666166166 66611166
7011666, 661666, 426.

61666166 christoph, Ρ66616661, 616,
608, 616, 610.

61666666, Goorg von, 660.

616666666-66666111, 6166166666τοί-
666, 610.

6161666666 (Laud, 6666666611, 066-
6666616) IX, X, XV, XVII-
XXVIII, XXXV, XXXIX, LIV,
LVI, LIX, LXI, 6, 6, 11,16,18
-20, 61, 66, 41, 47-46, 61, 62,
64, 66, 66, 61, 66, 66-70, 72-
76, 84-170, 181-102, 106-106,
200-206, 206, 216, 217-210, 221,
222, 224, 226, 228-260, 262, 241
-246, 246, 246, 266-262, 274-
268, 614, 621, 622, 626, 662, 666,
667-646, 660-667, 660, 661, 666
-666, 667-660, 671, 674-666,
600-406, 406, 408, 400, 412, 416,
420-426, 426, 420-446, 446-
461, 466, 466, 401-406, 406, 406,
408, 400, 601-607, 600-621, 624
-662, 667, 642, 646, 647, 667-
660, 662, 666, 666, 660, 670, 676,
676-662, 664, 666, 601-600, 626,
626-661, 666, 660-646, 662·-
664, 666-676, 682, 666, 686, 606.
604.

61616, 66666116 166616, 644.

steinach 61666 1661666166 610.

- Hm 66666 666, 160, 610.

61616, Dr, 610.

 

