8161116661616 86111168 860.
181111 86166618 881.
Dornberg, Erasmus 166, 48.
1116111618,Η61166 im, 849-668,
18166866 888, 890.

8.

8861 86616, 111,, 84.

Egon, 61616161, xlx, XXXIII,
XXXVIII, 816, 477, 488-487,
498, 496, 497, 609, 619, 681.

Egg, 1. 1116611666161616, 878.

Eggonberg, 8661116, 164, 188.

- 86611168 XXXVI, 187, 619.

8618, 81, 16 Gru 688, 689.

816666661866661686666666161661,
619.

81666616 661866611166 11666611 888,
477, 667, 888, 888, 886.

816666616661 Peter 479.

8166666661, 111,, 661116666111666·
161, 84, 718, 788, 788.

81661668 888.

EnnsthalviortolXXXIII‚LII,LVI,
848, 866, 418, 481, 616, 680, 808,
881, 884, 888.

81661666 von 8611618661 LIII.

6111611886.

1116666666 6. Gran LIII

81661, 1116661666, LIX, 819, 888,
888, 786.

86661166 6. 86661166.

1166116666 XXVII, 894, 896, 897,
898, 411.

86666 lv, 86661, 148.

8.

866668611 6. 866668611.
86166166666 16 (1166 688.
86186666 6886611166 (1166 XXXIII,
XL, LIII, 681, 668.
8618166681. XXII, XXV, XLVII,
18, 68, 78, 91, 98, 94, 106107,
108, 118,180, 181, 189,140,148,
146, 161, 161, 161, 1661661111,
887, 861, 869, 886, 878, 886, 887,
841, 868, 867, 879, 888, 886-
890, 898, 894, 886, 481, 488, 444,

186

467, 484, 489, 490, 680, 680, 608,
808-808, 848, 868, 896, 899.
86181666811, 1161661, XIV, XXXI,

LIV, LVI, LIX, 811, 874.

- Π, 6116661666 166 81161, XII, XIII,
XVI, LVIII, LIX, 4-18, 17-88,
86-80, 88, 86, 88, 38, 40, 814,
816, 818, 881-888, 887, 888-
884, 848, 884, 889, 871, 848, 698,
698, 700, 704, 788, 781, 788.

- Herzog von Bayern, 788, 788.

861666116 Scipio 48, 47.

8616661161488, 718, 786.

8616116 6886611166 0166 666.

866611116, 61616616166 86, 17, 18.

8166661861166661, 8111816661 16 0166,
688.

- Κ666161666161661, 891.

81666 (81. Veit 616 8166616) 8, 4, 48.

8166111661 69, 99, 118, 188, 878,
888, 848, 488, 706.

81668616 XXI, 866.

866668611 66181166 8686611613 840.

8161111616166 18.

81666166661 866.

816611 christoph, Ρ161161, 477, 478.

8166616166 XXI, 41, 146, 168, 886,
440, 707.

8166666616 661 11616611, 11611·
666611 Η61161666’6, 880.

81616166 XXXIII, 66, 881, 888, 704.

8161616116666 0666166816 884-
687.

816] 0611616116, Ρ1681161, 86, 67.

8161681161 1111166 49, 60.

8111161868.

8116811616 16361616 788.

8116811611 11, 1161661, 614.

- 111, 1161661, XLVII, 110, 111, 188,
189, 488, 718, 718.

81166666 16 11116166 888, 686.

81116611 11611 684, 688.

8166161166 6618666111611 (1166 XL.

8666661611 6. Μ6861.

8116116161, 111,, 804.

8611661688161661618 48, 168.

861661616 Georg, 661661666618161-
161, 687.

 

