m

55555511 (555511) 5855511155 (1151,
855151155555 8551555, 971, 869, 487.

5515111 1. 8155551 05515 1511.

5515511551 111 11115155 941.

5555551115 481, 587, 881, 683, 687.

555, Am, 555555515555551111551155 15
(1155, 398, 936.

5551 Alanus von 1151111 LV.

55115115 51151155 Gru LIlI, 579, 584.

5511551638.

Leipzig 385,

551551, (15515 155, 674.

- Ρ11515551, LIII.

Lengheim (Lenghaimb), 45515 von,
XXXVI, 149, 198, 898, 493-495,
559.

- 1151151511, 150, 193.

55111 11511555, 1515511555519151151,
567.

5555511, 81551, XL, LIII, LVI, 15,
16, 477, 479, 518, 519, 590.

5555155115 1111151511 498, 495.

Leyb 11555, 11515515115551151, 990.

551551 5551551.

5155155511 (11551 51515515510155)
315.

515551555513, 11511· 1511, 150.

5151551 9131511115, 1115155111, 649.

5155511 115511155 1151555555 59, 509,
510, 619, 693-695, 681, 687.

511115, Ρ1115155111, LIII.

5155 11551115151155511115 566, 567,
596.

5155555551, Ρ151151, 979.

5515115 15 11515155 ΧΙΧ.

5555115115, Ρ, 1551111 15 (1155, 670.

Ludwig XII. von Frankreieh 145.

- von Η55555 864.

- von 551 Ρ1515 XXIV, XXV, 845,
364, 984, 390-998, 897, 441, 505.

- von Wflrtoemberg 50, 849, 364,
mm

5555551115 Anna 651.

5515515111, 118, 679.

5515515551 (5515515515 515.) 41,
79, 73, 136, 995, 996, 487, 698,
039, 644, 845, 679, 708, 797, 799.

5 yst 115115, 81551555151551, 648.

Lyst M, 1. 111555151155111151, 608,
619, 614, 693, 665, 689.

11551555511155111551, 1151111115)5115.,
05151551, XIX, XX, XXIV, XXV,
55, 56, 968, 988, 861, 409, 499-
501.

1151151515 81151555 16.

11535117511 von 15555151865, 559.

11111155 XXI, 193.

115551551151511 708.

1111151,515551553115551855111151,157.

- 551155, 11111151 155 1115555113, 488,
489.

1151551 Zeus 550.

1151555155, Germanico 55, 1111511115
111 (1151,Χ7,Χ7Π, XVIII, XXIII,
XXV, XXVII, XXIX, XXXI, 85,
69, 70, 78, 114, 119, 199, 189,
140, 119, 169, 168, 181-189, 188,
188, 193-195, 903, 905, 906, 995,
996, 986, 939, 940, 949-944, 959,
988, 805, 393-395, 848, 354, 957,

55555555 ³

513, 849, 548, 560, 698, 709, 714,
719, 791, 799.

1155551515, Ρ5151 von, 15155155551
5511,111.

11515555 Philipp, 1155151, LIII, 60,
995, 590, 588, 587.

Marburginuntemeiormarkxxxm,
XL, LIII, 841, 844, 647, 849-
659, 658, 869, 884, 898, 694.

11515111 55151115 51151155 1551755-
1551111568, 596, 598.

115115, 111555155ςί11, 9115555515 von
851515, XXVI, XXXI, 77, 159,
949, 965, 880, 889, 898, 695, 717,
718.

115155551115 Magn-etha 799.

11511111 81551151, 1151555551 von
85511511, XLII, 584, 594, 649, 869,
888, 887.

11515155, 1115551553, 790.

115511511155 I. XLVII, 198, 489, 713.

Ληω5ω5ωηω
memffi

 

