LXIV

86116
32. Dereelbe 66 116 von Rndmannsdorf: 061661, 6166 allen 6661166666
1766666 16 6616111166. Gran, 168011111 22 .......... 61
33. Blyssem 16 1611 (16661611 Ueber 11611636 in (1166. Wien, 1680 April 16 66
01. 016 6161666666 Verordneten 66 116 166 11111161 161661166116166
Religionsbeeehwerden. (1161, 1118011618 ........... 68
36. 061661 116 11166 Friedrich 661 1161116661 1.Η61161666, 6166 der 1661
stine 0611666666 3661111366 Ρ161166 11166163, 1116166 und Noppen·
661316 66166066. Grex, 1680116118 ............ 60
36. 066161 116366 01661611663161 016616161. 1680116180 ...... 60
67. 0161116116166611663 ..................... 60
38111116611663 166 061166 11161161 116 116 Lnndeoheften 11116166 661
111616. (1166168016366126 ................ 61
3066111611 161 11161661 6661666111 1011660663 6136661 061131666-
666661161166. 11616666, 1680 September 16 .......... 68
10. 016 Verordneten von 8161616611 en 116 von 11116166 661 1111161
01116 616 11616611 661 Nr. 88. 016 16111611 161 ,61361116666061-
6661111 11111 36661161. 1116616 0616666166 6111111661. 01111680
0616116110 ........................ 66
11. 1111161661, 116366 16186661666366 166 Ρ1111616166 1116] wider
166 Fert 166 6611. 01661666 6166 061616666663 61616161166. Gru,
1680 December 8 ..................... 66
11. L. 1. 061661 nn 0116 166 Herberetorff, dem Ρ161161 von 1116666111
16 661666 11666166 1161666 11161163 16 1666. Gru, 168116366113 67

lv. 061 61616 31666616661161 01616111611631680181. 1161·
6366666666 661 166 166116316116116616 061166666166166 60

18. 6661163631666611166,16136116366 616 21. November 1680 ..... 60
11. 1161661 1161611 11. 66 1111661163 Kerl: 01166611 diesen 161 1161166·

6663 166 Nuntius 616, 1666 61 166 1661166166 1016166161

161661166666 Religion priijndioirlieben Neuernngen 16111666. Ρ163,

1680 November 21 ..................... 60
161161131666666661161166 161 Horren, Ritter 661 1161361666ιῆ6 166

8161666611, 16136116366 1680 December 2 .......... 70
16. 0610166661 1668661166 661 116 01116166 1668161666611 en 1111-

661163116111 01116, 166 6636666366 16110. 116166 66116166

1636611616166616 1666666. Gran, 1680 0666166611 ...... 76
17. L. 1. 066161, 1666 16 8111166 66111111166 166666116661166

116 16116116666 Religion 6663611111 werden 10116. Her-ren

und 011161101166111 (11111 161 1166161166 11161Ρ1611616166, eber

661 1111 6166 661 1161611366 hulten. Wee 166 1616611166 en 061

und Reehten 66116366 161, 61666 616666 11161 11661166 161-1161-

3636666 werden. 1680 December 10 ............. 78
18. 016 66116613166666 16366661166 en 011661163116111 0016161066-

166616616166 6616111366 661 6666163161 06366166 6616661666. Gru,

1680 December 11 ..................... 83
10.166116366 161 1636666366 161 ,b 0. 36366 Nr. 16. 011161163663

161 wider 616 616666666 166666111366366. 161 0661661166 en

 

