LXIII

86116

11. 1116 1111166161 06116161161 vom 19. 111 14. 0611661 1679.
1611616111111161111111111116 (161 (16661161616161111. . . 91

101116 (1111611161) Conferant vom 18. October 1879 ......... 81
(1.11616161661611111 vom 14. October 1679 ............. 86

111. 1116 611161 11116161611 111166116111611111181116 (161
(16161161611111161 ........... 41

’ 11. 861661, 1116 111661166661 611 (1611 6611666661. (11111, 1679 Fe·
616611 .- ......................... 41

1111116116 von Attems' Religionsbekenntniss 61 (161 (116161 Thura.
(1611, 1679111111 12 .................... 41

111111161161116661161816616661111.11.(1611,16791111116. . . . 41

16. 861661 61 1111111611611, 1166 6116111666111161 66 6111161161. Gru,

2 1116666111 ....................... 11

16. 161611116661116666616 66 (1161(11116116361611166 116661 1611166616

* (161 111111611616 (166 1161131616616161116161 11 111611. 1679 April 11 41

, 17. Jonas 161 WiIfendorff 61 (116 16161816161, (161 1161161166161 1166661,

61661 161111 (161 1. (1., 66116666161. 1111611611, 1679 April 14 44
111611611613 (161 1111611611611161611161861. 1679 1161 7 ..... 46
111111661161 11611 61 (161 1611161161 1111111111 86116611 (116 1666616616

161616661 16161111666616111611618161161. (1161, (67911618 40
10. Die im 11161661 116111111ᾶί16 16166116161166 Horren und Landleuto

khgon 11661 (166 816611 (161 81661161Ρ16111661166 vogen (161161-

11616113161 Ρ11111661161 1111111 118 (161 11681611 (16111111. 1.ιί-

bach, 16791161 14 ..................... 46
11. 1111661161 11611 661661 (161 1611161161 zu (1616 116666 1166616616

(1618661166661. (1161,1679.111111 ............. 47
11. Die 661 (1616 1166611616661 (6. 111. 14) 611161 611161666616 (161

86166161 1611181161. (1616, 1679161180 .......... 47
18. 86166661161 (161 11161161 116661 7611611616 (161Ρ66111661161. Lai·

6666, 1679 Juli 14 ..................... 48
110611161611 (161 6166116661 1611166611 61 (116 (66661) (161161 Ex·

6161161. (1161, 16791616111 ................ 48

’ 16. 1166111611 161 016161 611161 (161 1111661666, 161 11 (1611161116116

111161. 1679 August 10 .................. 48
181116 Landsehaft (1611 61 (116 1161116661 161611161661 81116, 111161
16 66616161111611611611161 vergensen. (1816, 167911666191 . 49
11111166116311611 an (1161161618161611 11616111, (166 116116181661 1111161
1161161161 (1611 Ρ1616661 66 1166116661. (1166, 1679 December 11 49
1111111111( 61166 1. 1. 11661616 61 81111116 und 11111116, 6166 (166 11161-
citium Ic, 11 (1166 und Judenburg 16 6116611611. 1680 (I) . . 60
11866161661 (161 1661116161611161616 Heinrich BIyssem 61 (161 (16116161
11661 (161 1611111161161661116861166 1680. (1166, 1680 Ianuar 14 61
8111616111166 11611611. vogen (161661611161166 1111111118 (1611161666-
1113 (1611161611161161. (1161, 1680 1166116118 ......... 19
11. 1116661166 11111 61 (116 16161116161 1618161611161111 861661, (161 Kir-
666166111 86666611611 66101111 611166161161. (1166, 1680 1111111 64

 

