LXXXIII

85115
5515 115155 gowaltthntiger 115155 551555555555 811515. (1151,
1584 15511151 28 ..................... 518
387 . 11511551 555 115515551515. 1115555 551 l. 1. 1151551 1551155511. 11555511,
1584, 1551551 27 ..................... 519
888. 1115 15151555155 55 555 1555511531 Β1115, 515 5515 1555115155 55-
55555555551111515 51555155515151555. (1151, 1584 1551511119 519
88111111555151155 51515551. 1584111112 ............ 518
390. 1155551151555111551 555 155 551 5155155555 1555555511 5111155155
3155555555555555. (115115841111118 .......... 511
381. 1155511555185555515 55511555555111155 55151515113155555555551555.
1584 Mitt 5 ....................... 518
391, 1155515555 555 1115511555 551515115113155555555551555. 11555 51
1151151 gehen 1155515, hatte 51 55 551 5151151515 1115511115 555
15151555515555 515 gethan. (1151, 15841111118 ....... 524
398. 1115 51511155555 15151555155 55 515 von 11115155 555 111515 {Iber
5151511155115555515515 115511555555555. (1151, 15841111119 524
394. 15155115511555555511551111891. (1151, 1584 1111119. . , . 525
395. L. 1. 1155151 an 51515151555155 1558151511551111 1115 115892. Hie-
1151 115155 51 ,51515 515 (115551 1515151555, (1151, 15841111111 527
396. 111555 555 5111155155 1555555555, 5555 1515 Klagen 555 (15855111
1518515555155115551115555 1151555. (1151, 1584151115 , , 517
191. 1151511515135155 1455115855 555155555555551 81115, 515 8511555558
nach 5515 11515551 551Ρ55111551155 5555511551 15 155555. 0555
Datum ......................... 519
898, Klage 551 (1511151555 15155555 [lber 515 1515515551 555 Ρ1511515
von Riegersburg. 15155555, 1584 April 8 .......... 581
899. Klage 551 (15551555 1551551111 1115 551 11111555, 15155 1151151 5515·
55551155. 81115 515 1515555555. 1155515111, 1584 April (ohno'I'ng) 592
400. 1111155151 55 555 5151551511 5555555551 Es 5151511151 551 151 111111 1
1582 5185555555 8555151155. (1151, 1584 April 17 ,,,,,, 581
401. 1115511151 851551 an Bflrgermeister, Richter, Rath 5555158111551-
55551115 (1151, 515811115111555 15 5151555, 158411511 . . . 533
401. 11511555 1515155 an 515151515551551 1155515555551151515581555
555 1151111555- 555 5115555555555. (1151155551, 1584111115, . 534
408. L. 1. 151551 55 555 8513515515151, 1115515155511515 15 (1151, 515
151151555115 jener Bssrger 51515555555, welche 515 8511555555
55555555. (1151, 1584111116 ............... 586
404. 1115 15151555155 155 8151555515 55 11111151153111111 1555555155
115515551115555151155*55551555151115115555. (1151, 1584115114 587
405. 15111511 darauf: 1111155551 551 515 1555155111511555 81551515ςὶ-
5115155 855515. (1151, 1584115115 ............. 588

406. L. 1, 1151551 55 555 (115151 Burger 1111115 1155551511, 515555 5151
Tagen 555 (1151, 515555 5551 Tagen 555 51155 1155555 5511111*
15115555. (1151, 15841151 15 .............. 588

407. L. 1. Β51551 an Bflrgermeister, 11155151 555 Rath 15 (1151, 555
8155515515 555 5555551555555 81113515 8511115151 15 55555151555.

1584 Mai 15 ....................... 539
μ

 

