Lxxxvu

85115
xl. 1118511111551 51515101115111111585 (15751515 1587 585
462. 1111551153 Κ511 5111151 555 (115151155511555511551551. (11511, 1578
November 12 ...................... 585
158. Du 81111 5551155 111511 auf 1111551155 1115551155 115115 5551 stine
1111151511 15 11115155 515 5555151555 85511555 5555. Sanun,
1579 December 10. . . . , ; .............. 585
151. 1151 1155151 5551515115555115515515 an 555 115515155151515515511-
15555 155555555151 5511151151 551515 1511555115 551115151555
51555 zu 555 15551155 555115555555 8155555555. Gru, 1577
April 50 ......................... 585
455. 1111551555 11511 1111151515 051151515115 (1151. Gru, 1585 555551 1 587
165. 8551511155 11115555ιί 55 81115517. 11551 115115 11. 5115155115 Gru
5155 1151151511111 zu 5111155. 111115, 555 15551155 515 8155151511·
1111555 zu ssbergeben‚ die Ρ11115 15 555 11551515555111155151
115111155515115 verlegen. 15851511555551 ....... 587
467. 15511Βί1155 V. bestitigt 515 81111555 551 115115511510155. Rom,
1585 155551 1 ...................... 589
458. Kaisar 1155511 11. boeffitigt 515 81111553 551 (115151 0511551111.
Prng, 1585 April 29 ................... 590
459. L. 1. Β515511 1115 515551515555 155555 511115 151155 51551 mehr 55
5551511135 15151515555 8555155 5551 1151155115155 8555111551
5551 55 11515555 5551 17151515555155 gelum 151555. Gran,
1587155551] ...................... 580

x11. 1151111555555551151555 551 1151151515 155 1585-1590.
111511511(1555151515511515515511115551 155 5150511555 11
(1155151 5515 ’1555 1111551151 115115 ...... 591

470. 555 551 1151111155 55175151555155, 511151151515 11555158 551 1515-
515511585. 1151151551555551151555 ............. 591
471. 85115155555555151555,1155555515515111551151111 1585 . . . . 594
472. L. 1. 5555151155 551551. 1585 1111157 ............. 597
478. 51111151 555 555 555551515511 15555551855511511. 1585 . . . , 599

4741155475, Erledigung und 11551111 ............... 590

176. 81115 551 115151555155, 555 Religiomwosen 551551Ρ55111551155 zu
155555. Gru, 1585 April 12 ................ 500

477. L. 1. 1151551 55 515 75151555155, 555 Ρ1151555155 55115551551155
551855155135 551 555 151 1555515115 3511151155 115155555115555

155555515555. (11111, 15851511 11 ............ 501
478. 11551111 551551. 111555 Η5551υης wire gagen 515 Ρ55111551155, 11511

5155 (151155551511511551. Gru, 1586151115 ........ 501
479. 55111511 555 11555551551551 1155 15151555515 werde 551 151115

’11551 51551 verum, nur 515 Ρ1551555155 1111115155 5155 511511115-

511115 in 515 1155155 855155155 551551155. Gran, 1586 Juli21 . 501
1801115 5151111555515151555155 55 515 Regiorung: Boscbworde 11551

555 arazar 8551515551, ,551 sich 1511 (1511511 5515 8551555155

551 1115515555555 551 dem Friedhof 1151 81. Andre 1155155111.

(1151, 1585 August 9 ......... · .......... 501

 

