m

016166161 06166116, 8666166661,
686.

0131166, 1666111666111616, 714

Vigoun (vignau) 16 111616 40, 64,
64.

villach 16 11116166 17, 400.

01661161 61116661.

Ulm 61, 664, 441.

1111166, 81, 68, 606, 600.

- 6666111616613 661, 660.

116361611141, 06, 106, 111, 106,
lemfflm

Ungnad Η666, 11666666666161666,
X, LVII, 608.

- Ludwig 474, 476.

061161616111116 11616166 641, 644.

06166 (0161161 666 116111) xm,
XLIV.

Vordornborg 66161166 1166666 XL,
088, 477.

111666, 61661161 von (16111, 686.

11.

0616661, 6111361 von Radkenburg,
660. -

06161166 661 06616111 476, 470.

0636, 6611116661 von, 647, 660-660,
864, 660.

-Β6111161616166, 06611661 von 1111-
61661616, 684, 686.

mmmmmmffl
601, 667, 678, 608, 660, 666.

06111161,1)1., 700.

06661 Primus, 11. 86616111, 46, 46,
aamfflmmm
010, 017, 010, 060, 614, 616, 806,
660, 664, 417, 440, 461, 476, 478,
486, 464, 600, 660, 660, 646, 660,

‘mwmmwm-
616, 606, 604, 607, 706.

- Fran, 616, 616.

06666, 1616, 6610161 666, 667.

0666616616 718.

066661 Hans 640.

06166661116666 XL.

Weisnonogger 160.

061166666616 1111161611 666.

06111 6616666166 (11611616

061166101616661 166 6116111616 686,
864, 606, 604.

- 0161111166, 160, 476.

061111 Hm 666.

Ι 066161, 1116661 166666.

0166661666, 01611616116166111, 600
-611,

016661116161 660.

0166 111, 40, 60, 66, 67, 66, 177,
106, 006, 046, 416, 460, 404, 608,
716, 716, 717, 706, 700.

01166661616,1)16111611 von, 140.

01161666 661 lintburg 661.

0110611 61161166 (1166 XL.

01116166611, 16666 von, 44, 46, 618,
664, 661.

wilhelm, Herzog von Bnyom, 66,
ῆωηωωωωω
064, 088, 601, 606,606-701, 718
-760,

-Landgraf von 11666611, 664, 681,
661-363.

01666666 661 11616616 LI, 1111,
640, 661, 660, 666.

01661666-061611111 66611611 1161·
burg XL

0111616666 0166161111, 681, 680,
401, 406, 611, 618, 680, 710.

0166166661616 1161111166 naburg
070, 408, 676, 674.

016616663161661 1161166 676, 674.

016616611660 06.

01666611 111 1111116601, 601. · -

1011661οω13, 0666111666, 686.

01661 christoph 078.

0116611616 L. -

wittenburg L, 108, 101, 666.

0116161666, 116616 von Uagam,
146146.

061146616 660, 664,· 676, 676.

06166613 16 11616166 LVII, 16,
070.

’ 06116661616 -im 1166611161, 1666-
’ = geriem, 606, 600-611, 616.
061161666111, 1161166666 Socrati„
1111666, 610. . -

061166 116.1

’ 06666161, Η611166, 666, 400.

 

