111

Η113811 im 18118 31188818 8188811 818 118 18181381 8811 1111
8181 88118 81381811811 111 88 1881 1118111111. 1113881881,
1811818 8181 1181 111113181138381 S. K. Μ* 81111811 811 181
181881181, 818 die 38118881 811811181811811181 wellen. Ι)8
818 181 8818188 wider ire 1118118181381181, 8188 111811111181
181 811181111 3888181811 Welehee 8181 I. F. 1)* 111 18111181
11138181, 188 818 811 8818188 process 38381 3818118118111
881811 1818181811 3818811818 nain, 1111181181, 8811811. F. 1)*
sein mer 18138118, 1888 88 881818 weg 11118118181118181
811 8118 181381118181818118111 und 1811118111 8181 11181818
1811. 1)* 181 8811111381 38111 1181118381181881, 88818181
die wenigern deren nit 11181 188881, weil 11888118118111181 ιιι
1888111813 18811181181118, wo 818 8118181 1111 1181181 wellen,
well ι8 1111381 8811 181181. 111118111181888111818181
1. F. 1)* zu 3181181 1811188181 8818188 818838 1811888838
eoadem vil 181 8111181 18188181, 1888 818 8181 111818118 1111118
88 181 818 1181818 181 381111 81181881 811118888181881181181
8811111811ιί1 8118181181813118181 188881, 118 1811181 181 181
geminen wesen verderbliehen 8818181 811 18811811 1111381
werden 811 8818188 8811811181 888 181 18181181, 88181188
’8111811118 811 3111118118 181181 181, 1811 81811888118181
181 18 118118 31818 ιιι 18188181, 1811 181 die bewilligungen
8118181188 811 die 888181 ιιι 181 8118181181 18118181311181
188881 sollte.

Des geminen 18118 181181 1888138181811. F. 1)*
188 181 181131818888181 18381 118118, 18111. F. 1)*
8138111181 118881, 1888 1818811811188111111381181
1818181381 181818118118 8811181, 811 88 18181181
181 1111811181 181811 ι1 11881 181, 188 8181118181
11 11111 111181818881, 11813811811 811811, 188 811
8811181 181 81118181 88118181, 1181 111 181 811381
1818181, 111 181 18181181381, 818111881181, 3188881
118111881381 8118181 811 18131818188 88111818181
1888111811 11111.

8818188 118118 11 811181 wie 1181818118818181118181-
888181 811 18181188 88 88118188 11 181 381811 811881181-
1811 darauf 1818811 sein, 18111 88 8113881111, 181 811 181
818181811118181118811811 811 1881 18138111 181 8818111381 ge· ι
1818811 81181181 werde. Des 18181 LF. 1)*38181181 1811-
881811 11881181 111 wellen 8181 881181181183 8111811181 181881

 

