11.

86666166616 1066611166 (Im
XXXIII, XL. LIII, 14, 68, 200,
228, 862, 863, 660, 668, 660, 684,
641, 644, 648, 668, 662, 668, 666,
676.

86666666661116 111616 42, 64, 66,
64, 844, 407, 408, 606, 606, 682.

- wilhelm von, XXXVI, 160.

1116666666 16 111116 844.

86666116, (1611 von, LV.

866166 661616166 LIII.

866661 116661 682, 688.

Roga} Jorg 146116 660, 661.

8636666613 860, 880.

86166616 von 661 Ρ1611 364, 801.

861666166613, 616 von, 481.

86116661616 6616666111611 66666-
burg LIII, 600.

11663 David, (16166666166, 618.

116666 christoph 666.

- 11666610.

8616616 11166 666.

86116, (316161616666111166161 116166661-
1166 (1161, XLIV.

- 1611616121411.

Riogmburg 6111611611 86166666
681.

8166616661 xxva

- 61166661 160, 407, 408.

816616666161 828.

111661161 1116616116, eanonicus, 686.

Rom XI, XII, XX, XXV, LII, l, 81,
08, 168, 186, 104, 286, 241, 260,
267 -260, 288, 828, 324, 680, 600,
642.

8661166661 Pontifex 148, 160, 642.

1166166666 86166 180, 142, 147,
188, 108, 201, 202, 488, 440, 468,
480, 602-604, 618, 648, 642, 660.

866666611, wohl Rouenberg 661
6116666161, 866116 dor Familia
8616661618, 68.

8611661 L

861111171166161 166, 140, 160, 828.

8611666666 LIII, 58, 60, 271, 272,
mmmmmm

m

1161161 86666161, 8611161161 16 0161,
688, 602.

1166611 11, Kaisar, XXIV, XLVIII,
8, 26, 27, 20, 89, 60, 70, 72, 70,
184-187, 166, 188, 100, 101,108,
201, 202, 204, 207-200, 224, 284,
261, 264, 264, 267, 271,276, 286,
288, 846, 816, 840, 860, 862, 866,
867, 861, 802, 866, 876, 806, 806,
468, 460, 460, 471, 478, 470, 600
-604, 600, 600, 700, 708, 704,
711, 718, 716, 717, 710, 728, 728.

S.

86611666 XXIV, XXV, 26, 846, 872,
410, 608, 720, 780.

-· 1161111111 von, 1. August.

86661661616 66611161101111 64, 68,
78, 661.

86161 (6611116661) 11116111, Burger
von (1166, 642, 648, 648-660, 666,
666, 660, 661.

- Elisabeth 660.

salzburg XI-XIII, XVIII, LII,
LVII, 1, 18, 80, 66, 88, 84, 87,
81, 106, 103, 116, 118, 118, 187
-140, 142, 160, 164, 166, 177,
178, 182, 188, 192, 180, 211-216,
222, 218, 260, 880, 682, 686, 618,
680, 640, 608-701, 704,

8611111661 16 1161661616666111 660.

Sara, Julius von, Stadtanwalt von
(1166, 331, 416, 421, 550, 664,
666, 672, 678, 678.

8661611, Erasmus von, XXXVI, 271,
348, 366, 867, 862, 868, 384, 406
-408, 427, 420, 487, 407-409,
646, 647, 668, 664, 668, 668, 667.

- G. von, XXXVIII.

8666116666 661 cini LIII, 593.

866666166661, 8613611166 Marburg,
648.

—· Burger von Radkersburg, 662.

86116161, Franz von, 660.

866616611161 8111166661, Ρ1111116661,
LIII, 121.

861161 661661 619.

 

