Stotxing, 1166666161 666, 380.

816666666666111666613366666616166
666 Gru, 322, 323-330, 333-
337, 368, 470, 633, 634, 683, 637,
630-641, 643, 644, 671, 672, 720.

8166663663 603666116611666 LIII,
314, 316, 323, 344, 464, 623, 630,
680, 666.

8166666616111, 617, 618, 627, 628,
331.

816661 wilhelm, Schneider, 610.

8166666663, (1. 666,Χ111Π.

- Wolf von, LI, 16, 840, 346, 348,
360, 386, 333, 407, 416, 426, 427,

437, 486, 404, 646, 721.

8111631 Polykarp 140, 328, 464, 466,
626, 630, 670, .

866636 Camillo XLI, 481,

8616666666, Dr, 619.
Summoregger 166666 330.
8616616 648.

’1.

'rum Sigmund 643.

'falx (Tu) wilhelm 610.Ι

’16116 11661666 326.

Tertullianus 461.

Τ6611666666, (76661666 666, 160,
407-400.

- (1666161, 166366666666, 140, 800.

- «16166 666, 140.

—- 86666366 666, 160.

’1661666 (166666 Thomas), 13166661
6661361666366(

16666, 46666 666, 176, 336, 300,
700.

- 3666666666,11616166666611, XVIII,
210, 217, 220, 330-232, 271, 332,
333, 330, 343, 370-372, 411, 486,
480, 404, 407-400, 664, 664, 684,
720.

-·- eoem 41, 47, 610.

- 11616663 666, 333.

- Sigmund 666, 334,1 336.

- W. 666, 342, 343. Α

1166111111, 30, 233, 378, 813, 713.

’16661661 Gru 816.

166166. ll. 4616. 3316

m

' - 16666606613,1611316661, 1111111111,Ι

483-486, 488, 603, 616, 613.

’1616666666 686.

’16661613 6. ’1)6661613.

’1661666 41666661, 1611668666666666,
720.

16666116, (16666 666, 723.

- Η. 666, 423.

166611666616611 XXXVIII, 328.

mxl Philipp 180.

’161661 103, 226, 373.

- 0631661666236.

16166124.

’1661616611 666366611166166666 XL.

'Pl-uber Primus LVII, 343.

166666666, 0116 666, 66631661, XIX.·

'l'rllebonockh‚ Hector von, 160,
676.

- 86616163 666, 676, 673.

16616366 XXIX, XXXVIII, L, 40,
60, 60, 61, 71, 343, 620.

1666666666116666166 von, 332, 603.

’1661661 11611666 314.

13616, 11666136616166, 610.

’1116166 XXI, 26, 33, 67, 74, 82, 86,
111, 120, 120, 130, 142,146,133,
208, 233-238, 242, 246-247, 240,

⁴ 260, 267, 268, 231, 236, 270, 276,

6666Μ6Μ6ῌ6
Qmfflfflmmm
m

U. l'.

11661666 1166611663, Bilrgor, 306, 306.

7611, st, 66116666 611666.

- 16 11166166 20, 21, 243, 266, 273,
274, 330, 341, 344.

- 6616161166 660.

76136616 116616 XXXIII, 622, 332
-636, 634, 666.

Vellach 16 11366166 40.

Ι17666316 (7666116666) Xl, 32, 41,

6666
mmmmmfflmwm
mmm-
Vettor Hans, Kammerbeamter‚ 64.
vmmmmffiffi

1116686666116, 70.
48

 

