120

und 66116611866166166, 661166 61166 (61161666161 66 1111161161
6161616 hausen werfen und 661161 1616 866161666 1666 66 16-
661111111161611 6616116 6111661166 616 166 61116161 66116 6116 86-

61666116 vorti und 86168661611 16 116 1661 86166 wolteri,
’ 6661611161 6116111611 dise religionsvergleiehung 61111666
16611 61616 6661616 116 andern 616 Κ616166 661 Graiu 161611
161 Pruekerieehen 1618161616686686161, 11111666 6616166 616-
161116661 66616166161616 16166666.

1111116166 sich 66116 86. 61116111 661 8611 16611 86
6681, 166666 66 6616161 16161618668 1166166 161 und wegen der
16616 16161161 61161816 66 11661616186 6661661616811616 816666
‘geben 661 1661118668 6616161 616116 8611666611, 1666 das
I. F. 11161616186168661611 1616161666 16116116, 1666 616116 86-
116666 166166161166 61111161116166 866166161661166 6611161
16 1116111866 166111866866, 161611 616 6161 erquieken und 61-
16166,Ι 1616616666 11116166, 6616166 16 661 etwas 6661866866681
11111 von Ρ616666166166 6168, wiewol (161 1166616166 Ofen 116618
1616661 11681, 6611116166 6166611166161616611, welche 166 86666
16611 816161 66161 61661 16 6166116611161681611116161616161668
61666116166 86166166, (16 616616 661611166181611 16116116, 616
161668 661 6166161668 161 166 611166, immerwerunden 666-
86166 66 161166, 6166 861 616116 werden 11111611166666166111-
16166 66616616168116166 1661118668 16116661661666 161111-
61668 6661 1616611661 611616166 661 666668668 66 8611111
86616166 11611 8611611611, 166 wir 666 816161616116 1661161616
6611161166 krinner, 66161 16 unwidersprechlieh 166 6666618611
6161666116 liber unser 6661 66 86116166. 6161611161 61116 6611-
116166 666616 8616166111 6161166618 16166666 661 161 116111
61661866.

1166 161 116166116111666166 666 6116186611816116 666616
86616666 666111 6666161 religion, 6116116166 exercitiis 16111111
661 6616111611 86166666, und wird kain mensch auf erden
6616161 66866 11116666, 1666 1666 wir und 66661161611616 8661
6161 1161618 161 unser 618666 66166166 61116 6116611161 86161166,
161666 (6666181161 611661 66611 116 1116161 66 6116 61661611668
frey 11661686166166666, 1611611616166116166 86616 66661 661661-
personen und 1616161616 66666166 616 6616166 66161161166; 66
6161 vil 161 1611. F. Dt 6161161668 16 161661166 1. f. regierung 116)1

.---.....--.

¹ Hier 66161 116 8611161116 8611111.

 

