LXVII

89119
89. 1199999999 11991 an 999 9999199991 999 salzburg: 8991991199 919
Anerkennung 1119 99199 8919991 99 9198191999 999. (1999, 1681
199999 11 ........................ 189
86. 119999999311991 99 919 1199999 9991999199199 9119, 919 auf 199999
81999 9999999999, magen 9199 melden. 119 werdo 9199 99999
Kaisar 999999, 9999 9999 gegebonenfulls 9199 aus 999 1191999-
99Ιίςί9991919999 99919999. 1999199999 mugen 919 99919999911199
3991199, 198119999916 ................. 190
81, 1119 8919999999 0999199999 au 999 8999199991 : Horren 9991999-
19919 991199 9199 1119999 und 899919 91991 9999999 199999.
(1999,198119999917 ................ . 199
88. 1199199191999119999999199 99999 9999199991 von Salzburg: 1119
8999199199 1999999199 9199 9999119, 9991999 999 1199999999 1991
919191. (1999198119999917 ............... 198
89. 1199919199999 11991199999999 9999 999 8119999 99999999999. Gran,
1981 ,199999 11 ..................... 194
90. 1119 9999999911 99 999 9999999939 1191999 habe 89999, 9199 zu
untorschreiben, 991 dem 19999999 19999999 999 89999 wire 99
9999 99991999, 99999 9999999999. 111119 um 191999 Versicherung,
9999 919919 wider 919 1991699999 vorgonommen 99999. (1999,
1981 ι19999918 ..................... 196
91. 1119 8919999999099999199999 99 999 119991999919 Τ991199 1999 999
81999 999 ningo mit. (1999, 1981 ,19999919 ........ 199
99. 1199919199999 ’1991199 ihm 919 899999 999 9199199999 stando und
919 9999911999999999999919 gagen 91999 1919999999 1119999999
199 1999 mit. 0999, 1991 ,199999 19 ............ 199
93. 11191999999911819199999919 an 919119999999199 999 1199199 119999-
999999 9119 199995999991199 9999 911199 um 919 0919919199.
(1999, 1981 ,199999 90 .................. 100
9-1. 1199191111. 99 99911999199991 von Salzburg: Lobt dassen Vorgohon
9939991991919199999811999. Prng, 1681 «Ianuar 91 ..... 201
991199 1199999999 99 919 1199999 999 11111999 819 mogon sich
horahim, 919 F. 111 19999 99 991 dem 8111191999 99999-
999, 919 919 1999 89999 99 Κ91999 999119199 gebracht. 1981
,19999981 ........................ 201
96. 1999991999 999 811999 999 119119199999 999 999 1199999999 Kar}
bewilligten 8111919999919 999 119119199999999. (1999, 1981 ,19-
9999 22 ......................... 909
97. 1199 8199991 von 8991999 99 999 8999199991999891999999 11911999
11111991199999 11999 9191991999 in (1999. 1119 ,(199199919919199ι
991199 1999119 99119991999919919. (1999198119999993. , 903

981119 1999999911 an 999 9999999939 1199 999999 919 1999991999
99199 999 1199199999 99, 9999 9191191191999999111991199 119199
widrige Aualegung 9919999. (1999198119999991 ...... 908

99. 1199 1111ι 99911999 8919199999. (1999, 1981 199999 96 ..... 909

100119991199999199 Hoffmann: Vermittlungsvomhlugo. 8999, 1681
199999, 9999 dem 28. .................. 910

0*

 

