- IIuImilianuo(III.),Enhonog,494.

11111111Ιί111, 85115111 1511111511,
150, 158.

111111115551, 81551555151 151 1155·
551, 519.

115551515111 371, 884.

115111551551 Lm.

115151111111115515115 51, 51, 55
-58,

111111551111, 85515 in 1151115155,
145.

11511, 1151151 151 15151111, 573.

1151151 0511111511 44, 45. .

1151111151111111111113511510111,
538, 589, 549, 555, 555.

11511111, Δ. 151, 11555511 11515151,
150.

Micyllus, (1181155551 11111151, 385,
894.

1111111151 11 11111151 LVII, LX,
585, 588.

111155111, christoph von, 149, 818.

Μί1151551ςο1(11111151ς51),851μ1-
11111151 151 Gran, 887, 588, 591.

11111515111 709.

11111515511 (111115115511) 5511111155
XXIV, 848-851.

115111511, Familia, XLI.

115151111, ’155111 151, 150.

1151111 (1111551) 111511 548, 555, 555.

1111111111 11 111111 544.

1115511155, 11115 151, 814.

-Potor, 111151155151, 5111 115111
151 151111, 481, 555, 858, 557-
559, 511-878.

11511511151 (11 Freiburg) 895-
898.

11111111 8111511511 881.

1111115551 XIII, XV, XVI, XXII,
XXVIII, 111, 31, 38, 88, 40, 41,
50, 184, 155,150, 115, 114, 814,
818, 311, 510, III—³24, 548, 418,
580, 595-597, 700101, 118118,
717, 719-781.

11111515, 554.

. - 11115551 11111 1115 1111115151

111111, XXXV.
11115511 1555111155 1151511111 15, 551.

741

1111111511 LIII, 508, 509.

1151111155111 1515511555 5111511
115. 1111 XL, LVI.

1111551 1. 11511111.

Μ5155551ς1151 Andre 550.

11111111, Ρ115151111, LIII.

1111111118.

11511111555,1511111151, 515.

11551151, 1151151 151 1151511111, 578.

11515511, 05151515155111151151 west·
1155 1151111155111, LVI.

11515111, 155111155, 15. v

- H. von, 15151515111, 18.

- 151111 151, 115.

1151111151 1551511555 1115115113
XL, LIII, 818, 581, 585, 551, 595,
598.

111555111155 151, 188, 408, 440,
107, 115.

11155515515111155 (11551151151151-
chor, 11155 5151115155511) XXI,
XLVII, LH, 140, 171, 838, 881,
440, 441.

1711111151 15115111, (1111111) Bi·
15551151 55511,11111111, XI, XII,
1-15.

1511115511 (0111515513) 15511511-
1155 Βο1511111159,508, 510, 518,
818, 814, 881.

1111115515 LIV, 59, 889, 894.

0.

0551511 1555111155 5115515115 XL.
0551551111151151511515111111811.
05515115115155 XXI, XLVII, 140,
177, 881, 580, 581, 518, 519.
0551115111111111515, 518, 559.
05511511155 11 11111151 LX.
05111511 151511511ὶί55 5115515111
585.
05511511113151511151551511880.
0551111 15111155 5515111111 805,
511-518.
0151 110.
0115115111 11 Κ1111511 171.
0151151155 354, 884.

 

