LXXXI

85115
3531111155111515151, Richter und 11511 an 551 1151515551 Fur 1115
Η31155115151 5151 151 515551 5155115151 551151 1151115 Κ111151
55111551. (1155, 1583 April 24 .............. 419
354. Die 15151515151511555111555 151 11311151 an 515 51511155151 1151-
5151515111 1115551 551 [55511511 115 115151 115 555 (1515151515-
tages. 3155511511, 1583115121 .............. 419
3551115 111 1515- und Hofreehten versammolten Η511511 und Land-
15515 51 5511 8111515551 1151551 5515115551 1115115151 Wirron
55 51551151551 8515551. 1151115151511515155551111 3511515181
5111515151. Grau, 1583115130 .............. 480
356, 11151511551151151 515 51511155151 151515151511 3551151151 5518111515
115 11811115 115115 55 1515511151 5151511115. 1151511515, 1583
111114 ......................... 431
357. 1115151555 11511 51 Hans und 01115155181551511 111561515551151
Ρ1511551 111551515Ρ5111515515511151551. (1155, 15831111 14 481
358. 11515511551515 vom 1151151-515111115151515 11 1111111551 Reso-
1111155 uber ihre 131551511551155115 85551551555511111 (1155,
1583 1111 28 ...................... 481
359. 1151115155 51 515 515111551551151515151551 (1111111151 51151 Ver·
weis 115551551Ρ15515151 1155111115Τ551511. 1583151138 483
360, 11511155111111511 5151551511155151 151515151511 8515115 1111511515
zum Widemtand. 1155551 111115, 551 15155515151 55515
51151, 51 1115115515 Ι1111151155151 11511511551. (1151151-
151, 1583 1511 26 .................... 485
381. ,4111151155151511155151115151515151 111 1111551 55551 5515115151-
55151151111551; 515 ,5115111513 5551511 1515115 11151 111151.
(1155, 1583 Juli 86 .................... 488
362. 1111151551 Ρ1511115111 51 515 5151155151151515151511 115151 515
115115151515115151115111 1155111115. 151151151 555 Nuntius. 11551·
1115, 1583 August 2 ................... 488
363. 851151151 551 151515151511155515555 515 55115111 Hofthaiding
5155551551 Horren 1115 1515151115 an 551 1111151155 11151
55555115111511555111115151. 8111511551115151511515155. 1115551-
furt, 1583 1151151 16 ................... 489
3641115551151 51515151815151115111 1151151, 515 1151551151 511515
51151515615115111 verordnen. 1551 115155 51111 551 11515151-
1515155 11155 1515115151151151. 1115511511, 1583 August 17 493
365. 11511155 von Khainaeh und Adam von Lenghaimb 5151111151 5511
15151515151 35115111 11151 1115 85151115 51 551 1111151155 11
5511155155511511555 1111551. 1551155115831115115121. . 493
366, 11111511551151151 515 5151155151 151515151511 1151511, 11551 5115-
5155151151. werdo 5551111555νοί11 1511155151, 55 15555 515151
551 (15151511515155 55151151. Κ1111511515,158385115115512 . 495
367. 515 511511 8511511151 an Hirsch: 111511511515115 515111 immor
55115111151511111 sich. (1151,158385515111513 ...... 496
368, 111515115511511 51 515 51511155151 151515151511 1155151551 11511
5155151151,13555515511115511511151. 1583 8551511518 . 496
Fontes. 11. 1111. 35. 1. f

 

